-1322.0
-1719.0
-3431.0
-479.0
-1456.0
-2330.0
-3465.0
-834.0
17.0
-602.0
-616.0
-55.0
-571.0
-840.0
-1125.0
-108.0
-709.0
-744.0
-319.0
31.0
89.0
28.0
-78.0
81.0
-110.0
36.0
-10.0
35.0
32.0
85.0
88.0
87.0
86.0
-124.0
-186.0
-32.0
32.0
83.0
34.0
84.0
85.0
39.0
89.0
37.0
-74.0
84.0
-112.0
-51.0
87.0
92.0
88.0
23.0
86.0
-12.0
90.0
35.0
32.0
90.0
38.0
86.0
38.0
83.0
92.0
90.0
91.0
40.0
92.0
25.0
37.0
85.0
92.0
89.0
91.0
85.0
39.0
89.0
84.0
35.0
85.0
85.0
87.0
77.0
88.0
92.0
92.0
91.0
85.0
89.0
89.0
90.0
-12.0
89.0
37.0
91.0
39.0
87.0
91.0
90.0
90.0
88.0
92.0
89.0
90.0
39.0
91.0
91.0
92.0
91.0
91.0
92.0
88.0
89.0
90.0
91.0
90.0
91.0
90.0
90.0
86.0
84.0
87.0
37.0
90.0
89.0
92.0
92.0
89.0
89.0
87.0
91.0
91.0
88.0
85.0
89.0
92.0
40.0
90.0
90.0
86.0
89.0
92.0
90.0
90.0
90.0
90.0
87.0
91.0
88.0
92.0
92.0
91.0
89.0
92.0
91.0
35.0
86.0
86.0
89.0
91.0
90.0
87.0
87.0
91.0
89.0
91.0
90.0
92.0
92.0
92.0
90.0
38.0
89.0
88.0
91.0
90.0
90.0
91.0
89.0
88.0
90.0
90.0
89.0
91.0
91.0
90.0
91.0
92.0
90.0
89.0
91.0
91.0
90.0
92.0
92.0
92.0
92.0
91.0
92.0
91.0
91.0
91.0
91.0
82.0
90.0
91.0
89.0
87.0
90.0
92.0
92.0
92.0
92.0
41.0
91.0
91.0
89.0
91.0
91.0
92.0
92.0
86.0
92.0
91.0
91.0
91.0
91.0
41.0
90.0
90.0
90.0
35.0
91.0
33.0
89.0
92.0
91.0
92.0
92.0
90.0
90.0
92.0
89.0
90.0
91.0
89.0
92.0
90.0
89.0
90.0
91.0
91.0
89.0
89.0
90.0
92.0
92.0
92.0
88.0
91.0
90.0
91.0
92.0
89.0
91.0
91.0
90.0
88.0
90.0
92.0
92.0
91.0
89.0
91.0
90.0
92.0
87.0
92.0
90.0
41.0
92.0
92.0
90.0
89.0
88.0
84.0
85.0
89.0
38.0
89.0
38.0
91.0
92.0
92.0
92.0
90.0
74.0
81.0
76.0
91.0
92.0
90.0
91.0
91.0
91.0
84.0
86.0
84.0
77.0
83.0
85.0
83.0
88.0
88.0
-17.0
87.0
58.0
84.0
88.0
80.0
91.0
91.0
92.0
84.0
91.0
90.0
91.0
92.0
89.0
91.0
90.0
85.0
88.0
89.0
90.0
85.0
83.0
91.0
90.0
92.0
92.0
90.0
91.0
92.0
87.0
91.0
89.0
92.0
88.0
92.0
92.0
36.0
89.0
92.0
89.0
81.0
82.0
91.0
92.0
39.0
91.0
88.0
84.0
83.0
90.0
88.0
90.0
84.0
91.0
91.0
89.0
89.0
39.0
55.0
80.0
81.0
77.0
90.0
38.0
89.0
89.0
92.0
92.0
89.0
88.0
91.0
87.0
91.0
90.0
90.0
92.0
89.0
91.0
91.0
92.0
92.0
92.0
90.0
90.0
92.0
90.0
92.0
91.0
91.0
90.0
91.0
92.0
91.0
92.0
90.0
88.0
90.0
90.0
92.0
91.0
91.0
90.0
90.0
91.0
92.0
91.0
91.0
90.0
91.0
88.0
91.0
91.0
91.0
92.0
92.0
92.0
92.0
92.0
91.0
91.0
92.0
40.0
90.0
91.0
84.0
90.0
92.0
92.0
91.0
91.0
90.0
91.0
91.0
89.0
92.0
90.0
90.0
87.0
91.0
92.0
91.0
92.0
91.0
90.0
88.0
87.0
89.0
91.0
89.0
92.0
92.0
89.0
90.0
92.0
90.0
92.0
91.0
92.0
88.0
92.0
90.0
91.0
91.0
87.0
92.0
92.0
92.0
92.0
91.0
90.0
92.0
92.0
92.0
90.0
90.0
92.0
83.0
91.0
90.0
91.0
91.0
89.0
92.0
91.0
92.0
92.0
91.0
88.0
90.0
90.0
90.0
91.0
92.0
92.0
92.0
91.0
85.0
91.0
90.0
92.0
90.0
92.0
92.0
90.0
92.0
89.0
91.0
92.0
91.0
92.0
91.0
91.0
90.0
91.0
90.0
92.0
89.0
90.0
89.0
88.0
91.0
91.0
92.0
85.0
90.0
92.0
84.0
82.0
90.0
88.0
36.0
89.0
88.0
19.0
92.0
90.0
92.0
92.0
91.0
91.0
90.0
90.0
91.0
91.0
91.0
91.0
90.0
88.0
92.0
92.0
92.0
92.0
91.0
89.0
92.0
92.0
87.0
90.0
90.0
90.0
90.0
87.0
92.0
92.0
86.0
92.0
90.0
89.0
91.0
92.0
80.0
91.0
92.0
91.0
91.0
91.0
91.0
89.0
89.0
89.0
29.0
89.0
91.0
89.0
90.0
91.0
92.0
92.0
91.0
90.0
92.0
92.0
91.0
91.0
92.0
89.0
40.0
91.0
89.0
89.0
89.0
90.0
92.0
92.0
92.0
90.0
91.0
91.0
91.0
91.0
90.0
88.0
90.0
88.0
91.0
91.0
90.0
92.0
90.0
88.0
91.0
91.0
91.0
91.0
90.0
92.0
91.0
90.0
90.0
90.0
41.0
92.0
90.0
92.0
88.0
89.0
92.0
87.0
91.0
91.0
90.0
91.0
89.0
88.0
92.0
92.0
91.0
92.0
91.0
88.0
91.0
92.0
88.0
92.0
90.0
92.0
88.0
88.0
88.0
90.0
91.0
89.0
88.0
88.0
91.0
87.0
92.0
92.0
92.0
89.0
92.0
89.0
85.0
82.0
76.0
88.0
90.0
86.0
92.0
82.0
91.0
91.0
91.0
89.0
92.0
91.0
91.0
89.0
90.0
89.0
91.0
90.0
82.0
90.0
88.0
89.0
91.0
91.0
89.0
90.0
87.0
78.0
89.0
87.0
90.0
83.0
85.0
87.0
89.0
84.0
89.0
90.0
91.0
89.0
91.0
92.0
91.0
87.0
92.0
92.0
89.0
89.0
91.0
91.0
89.0
91.0
91.0
91.0
91.0
92.0
90.0
90.0
91.0
91.0
86.0
91.0
90.0
89.0
89.0
92.0
92.0
92.0
92.0
92.0
92.0
29.0
92.0
91.0
90.0
90.0
78.0
92.0
91.0
91.0
90.0
92.0
91.0
92.0
91.0
83.0
86.0
90.0
89.0
92.0
92.0
90.0
91.0
90.0
90.0
91.0
92.0
90.0
90.0
91.0
88.0
91.0
91.0
89.0
92.0
92.0
90.0
91.0
92.0
91.0
90.0
92.0
91.0
89.0
88.0
91.0
92.0
92.0
91.0
92.0
91.0
92.0
91.0
90.0
91.0
91.0
91.0
69.0
91.0
92.0
91.0
86.0
92.0
91.0
91.0
91.0
91.0
88.0
92.0
91.0
84.0
91.0
92.0
92.0
92.0
82.0
91.0
92.0
92.0
92.0
88.0
89.0
92.0
91.0
90.0
92.0
91.0
91.0
89.0
89.0
91.0
92.0
91.0
92.0
92.0
90.0
91.0
92.0
92.0
92.0
91.0
92.0
91.0
91.0
89.0
-42.0
90.0
86.0
89.0
92.0
91.0
90.0
90.0
90.0
88.0
90.0
90.0
91.0
40.0
92.0
88.0
91.0
90.0
92.0
88.0
86.0
89.0
88.0
90.0
92.0
87.0
92.0
91.0
87.0
88.0
91.0
85.0
91.0
92.0
88.0
90.0
91.0
91.0
90.0
91.0
92.0
92.0
92.0
91.0
91.0
91.0
91.0
92.0
90.0
90.0
92.0
90.0
91.0
92.0
92.0
91.0
92.0
92.0
91.0
89.0
92.0
91.0
88.0
92.0
92.0
90.0
90.0
90.0
92.0
91.0
92.0
92.0
91.0
91.0
92.0
90.0
92.0
91.0
89.0
92.0
85.0
91.0
89.0
91.0
91.0
91.0
91.0
91.0
91.0
92.0
92.0
90.0
92.0
90.0
91.0
92.0
92.0
91.0
91.0
91.0
91.0
88.0
92.0
91.0
92.0
92.0
92.0
92.0
90.0
91.0
92.0
91.0
91.0
90.0
90.0
89.0
92.0
91.0
91.0
87.0
87.0
90.0
92.0
92.0
91.0
91.0
91.0
89.0
92.0
91.0
40.0
89.0
92.0
90.0
88.0
90.0
90.0
79.0
85.0
82.0
91.0
91.0
90.0
92.0
91.0
89.0
92.0
91.0
92.0
91.0
88.0
92.0
92.0
91.0
91.0
89.0
91.0
92.0
92.0
91.0
91.0
91.0
90.0
92.0
91.0
91.0
90.0
91.0
89.0
92.0
90.0
90.0
89.0
92.0
91.0
91.0
91.0
91.0
89.0
90.0
89.0
91.0
92.0
91.0
91.0
92.0
91.0
90.0
92.0
90.0
92.0
90.0
92.0
89.0
89.0
92.0
92.0
91.0
92.0
92.0
91.0
90.0
91.0
90.0
92.0
92.0
91.0
91.0
90.0
87.0
90.0
90.0
92.0
90.0
90.0
90.0
91.0
92.0
91.0
91.0
92.0
91.0
91.0
89.0
91.0
91.0
89.0
89.0
92.0
91.0
89.0
91.0
91.0
92.0
90.0
91.0
88.0
92.0
90.0
92.0
92.0
92.0
91.0
91.0
90.0
88.0
90.0
90.0
91.0
91.0
91.0
91.0
90.0
91.0
91.0
90.0
90.0
92.0
92.0
91.0
92.0
91.0
91.0
89.0
91.0
92.0
89.0
92.0
91.0
91.0
89.0
92.0
92.0
92.0
92.0
90.0
92.0
87.0
88.0
91.0
91.0
90.0
90.0
90.0
89.0
91.0
90.0
91.0
91.0
92.0
89.0
89.0
91.0
92.0
92.0
92.0
91.0
90.0
91.0
89.0
92.0
91.0
92.0
92.0
91.0
91.0
92.0
92.0
91.0
92.0
90.0
90.0
90.0
88.0
90.0
87.0
92.0
91.0
90.0
91.0
91.0
88.0
89.0
89.0
91.0
92.0
92.0
90.0
89.0
91.0
91.0
91.0
91.0
91.0
91.0
91.0
90.0
91.0
89.0
92.0
89.0
92.0
91.0
88.0
91.0
91.0
92.0
92.0
90.0
92.0
90.0
92.0
88.0
91.0
91.0
92.0
92.0
90.0
92.0
91.0
91.0
92.0
91.0
92.0
90.0
91.0
92.0
90.0
92.0
91.0
91.0
90.0
91.0
89.0
92.0
91.0
92.0
90.0
91.0
90.0
92.0
91.0
91.0
89.0
91.0
91.0
90.0
90.0
92.0
91.0
90.0
92.0
91.0
90.0
90.0
91.0
90.0
92.0
91.0
90.0
90.0
91.0
86.0
89.0
90.0
89.0
89.0
92.0
91.0
91.0
91.0
91.0
88.0
92.0
89.0
91.0
91.0
89.0
91.0
91.0
90.0
90.0
91.0
92.0
91.0
92.0
92.0
92.0
92.0
91.0
92.0
90.0
91.0
89.0
90.0
91.0
92.0
92.0
89.0
90.0
90.0
92.0
92.0
89.0
92.0
92.0
90.0
91.0
91.0
92.0
92.0
89.0
92.0
92.0
88.0
91.0
92.0
89.0
92.0
92.0
90.0
90.0
92.0
91.0
92.0
90.0
92.0
92.0
91.0
92.0
91.0
92.0
91.0
90.0
91.0
92.0
91.0
90.0
91.0
90.0
90.0
90.0
91.0
92.0
92.0
90.0
91.0
92.0
92.0
92.0
92.0
90.0
91.0
92.0
92.0
91.0
92.0
91.0
92.0
92.0
91.0
91.0
91.0
91.0
91.0
92.0
91.0
91.0
88.0
92.0
90.0
92.0
92.0
92.0
90.0
91.0
90.0
91.0
90.0
91.0
89.0
90.0
92.0
91.0
92.0
90.0
92.0
91.0
92.0
92.0
92.0
90.0
91.0
92.0
92.0
89.0
92.0
89.0
90.0
91.0
92.0
92.0
91.0
91.0
89.0
91.0
90.0
91.0
92.0
92.0
92.0
91.0
92.0
92.0
90.0
92.0
92.0
91.0
92.0
91.0
91.0
91.0
90.0
91.0
92.0
91.0
92.0
92.0
92.0
91.0
90.0
91.0
91.0
92.0
91.0
92.0
91.0
89.0
90.0
92.0
92.0
88.0
92.0
92.0
92.0
91.0
91.0
90.0
91.0
91.0
91.0
91.0
90.0
92.0
92.0
90.0
91.0
91.0
91.0
92.0
90.0
92.0
92.0
92.0
90.0
91.0
91.0
92.0
91.0
92.0
92.0
90.0
92.0
92.0
91.0
91.0
89.0
91.0
89.0
92.0
89.0
91.0
91.0
92.0
91.0
90.0
89.0
92.0
91.0
90.0
92.0
91.0
92.0
91.0
91.0
92.0
91.0
91.0
92.0
90.0
91.0
91.0
91.0
90.0
92.0
92.0
90.0
92.0
91.0
91.0
91.0
91.0
91.0
92.0
90.0
92.0
92.0
92.0
90.0
92.0
92.0
91.0
90.0
91.0
92.0
91.0
88.0
90.0
91.0
90.0
90.0
91.0
90.0
91.0
90.0
91.0
92.0
92.0
92.0
90.0
92.0
91.0
92.0
91.0
91.0
91.0
92.0
92.0
92.0
91.0
92.0
91.0
90.0
92.0
89.0
91.0
91.0
92.0
88.0
92.0
91.0
90.0
90.0
92.0
91.0
92.0
89.0
92.0
91.0
92.0
91.0
91.0
91.0
92.0
91.0
91.0
89.0
91.0
92.0
90.0
91.0
91.0
91.0
92.0
90.0
92.0
89.0
91.0
91.0
88.0
92.0
92.0
91.0
90.0
90.0
91.0
91.0
87.0
89.0
91.0
90.0
91.0
88.0
89.0
90.0
90.0
92.0
91.0
91.0
90.0
91.0
92.0
92.0
91.0
91.0
85.0
91.0
92.0
92.0
91.0
91.0
92.0
90.0
92.0
89.0
91.0
90.0
91.0
91.0
92.0
92.0
91.0
90.0
91.0
90.0
90.0
91.0
91.0
91.0
91.0
92.0
91.0
92.0
91.0
92.0
92.0
91.0
90.0
90.0
89.0
91.0
89.0
92.0
92.0
92.0
91.0
91.0
90.0
92.0
90.0
91.0
90.0
90.0
90.0
89.0
91.0
90.0
89.0
88.0
91.0
89.0
88.0
91.0
90.0
92.0
91.0
92.0
92.0
92.0
92.0
91.0
90.0
92.0
92.0
92.0
90.0
91.0
91.0
92.0
91.0
92.0
91.0
90.0
91.0
91.0
91.0
92.0
90.0
92.0
91.0
92.0
92.0
92.0
91.0
90.0
92.0
90.0
91.0
89.0
90.0
91.0
91.0
90.0
91.0
89.0
90.0
92.0
91.0
91.0
92.0
92.0
92.0
91.0
91.0
92.0
90.0
91.0
92.0
90.0
92.0
91.0
90.0
92.0
91.0
89.0
91.0
90.0
92.0
90.0
91.0
91.0
90.0
92.0
89.0
91.0
91.0
91.0
90.0
89.0
91.0
91.0
90.0
92.0
92.0
88.0
91.0
91.0
91.0
89.0
91.0
92.0
88.0
92.0
91.0
91.0
92.0
88.0
89.0
88.0
91.0
91.0
92.0
90.0
91.0
91.0
90.0
90.0
92.0
91.0
91.0
89.0
92.0
89.0
88.0
87.0
92.0
91.0
92.0
90.0
91.0
92.0
91.0
91.0
90.0
92.0
92.0
92.0
92.0
91.0
90.0
91.0
92.0
91.0
91.0
92.0
89.0
91.0
91.0
92.0
90.0
92.0
91.0
90.0
90.0
90.0
90.0
92.0
91.0
89.0
91.0
92.0
90.0
91.0
89.0
90.0
92.0
92.0
92.0
91.0
91.0
91.0
92.0
92.0
92.0
91.0
92.0
91.0
91.0
91.0
90.0
91.0
91.0
90.0
90.0
91.0
91.0
91.0
92.0
92.0
92.0
91.0
89.0
89.0
90.0
90.0
90.0
91.0
92.0
91.0
90.0
91.0
91.0
90.0
88.0
91.0
89.0
92.0
92.0
91.0
92.0
91.0
91.0
91.0
91.0
90.0
91.0
92.0
91.0
89.0
90.0
90.0
92.0
90.0
90.0
91.0
92.0
91.0
91.0
91.0
92.0
92.0
90.0
91.0
88.0
91.0
91.0
92.0
92.0
90.0
91.0
91.0
90.0
90.0
89.0
92.0
90.0
91.0
92.0
92.0
91.0
90.0
92.0
90.0
88.0
90.0
92.0
92.0
92.0
91.0
91.0
91.0
92.0
92.0
90.0
90.0
91.0
91.0
92.0
92.0
91.0
90.0
91.0
90.0
90.0
91.0
91.0
91.0
91.0
91.0
90.0
92.0
91.0
92.0
90.0
92.0
90.0
92.0
91.0
91.0
92.0
91.0
91.0
92.0
91.0
90.0
91.0
92.0
91.0
92.0
91.0
92.0
88.0
92.0
92.0
90.0
92.0
91.0
90.0
91.0
92.0
88.0
92.0
90.0
92.0
90.0
90.0
91.0
89.0
92.0
89.0
91.0
90.0
92.0
91.0
90.0
89.0
90.0
90.0
91.0
92.0
91.0
91.0
91.0
89.0
89.0
91.0
90.0
