-1449.0
-822.0
-3128.0
-448.0
-3842.0
-944.0
-3257.0
-1519.0
-3954.0
-1370.0
-2478.0
-2493.0
-2303.0
-335.0
-1310.0
-1486.0
-2004.0
-529.0
-236.0
12.0
-820.0
-1859.0
38.0
-1491.0
-1490.0
-1588.0
-1724.0
-225.0
-700.0
-774.0
-1368.0
-189.0
-479.0
-351.0
-610.0
-528.0
-651.0
-27.0
-668.0
-1098.0
-7.0
-1392.0
-1441.0
-135.0
-482.0
-61.0
-115.0
-64.0
-1196.0
-1245.0
-273.0
-1000.0
-143.0
-237.0
-212.0
-105.0
-367.0
-1000.0
-527.0
29.0
1.0
37.0
69.0
60.0
36.0
70.0
33.0
-42.0
38.0
-28.0
-188.0
-22.0
-100.0
22.0
-427.0
23.0
20.0
-723.0
-111.0
-447.0
-20.0
-1000.0
-374.0
-16.0
-1000.0
-337.0
-577.0
-214.0
-50.0
-64.0
-336.0
-352.0
-90.0
-328.0
-38.0
-1000.0
-1000.0
-1000.0
-1000.0
-1000.0
-1000.0
-784.0
-74.0
-247.0
-1000.0
-1000.0
-1000.0
-1000.0
-1049.0
-529.0
-71.0
-608.0
-124.0
-38.0
49.0
-141.0
-31.0
60.0
13.0
-164.0
-392.0
-68.0
-1000.0
-1000.0
-1000.0
-1000.0
-806.0
-63.0
-200.0
-102.0
-81.0
-19.0
33.0
36.0
79.0
32.0
-184.0
72.0
-160.0
19.0
-67.0
33.0
-41.0
-297.0
-1000.0
-1049.0
-1000.0
-1000.0
-1000.0
-1000.0
-1000.0
-1000.0
-1000.0
-1000.0
-207.0
43.0
59.0
42.0
48.0
-9.0
76.0
-8.0
-11.0
-49.0
-38.0
5.0
45.0
-21.0
-40.0
74.0
-17.0
-182.0
-120.0
-1060.0
-784.0
-192.0
78.0
81.0
27.0
-62.0
-272.0
-386.0
-1000.0
-1049.0
-1000.0
-1000.0
-489.0
-381.0
-862.0
-446.0
-1000.0
-106.0
-1000.0
-1000.0
-701.0
-39.0
71.0
51.0
22.0
-465.0
58.0
-20.0
7.0
66.0
-553.0
-79.0
-1000.0
-524.0
-239.0
-117.0
41.0
30.0
-1000.0
-1000.0
-1000.0
-1000.0
-1000.0
-1000.0
-1000.0
-292.0
-1000.0
-1000.0
-298.0
-60.0
-1000.0
-693.0
15.0
20.0
-520.0
74.0
72.0
62.0
53.0
-355.0
31.0
50.0
74.0
54.0
78.0
78.0
76.0
76.0
76.0
33.0
70.0
72.0
-25.0
-1000.0
-1000.0
-1000.0
-1000.0
-1000.0
-182.0
40.0
61.0
55.0
70.0
54.0
74.0
74.0
74.0
74.0
76.0
74.0
74.0
74.0
74.0
74.0
73.0
74.0
50.0
74.0
74.0
69.0
54.0
70.0
70.0
33.0
71.0
70.0
-31.0
74.0
73.0
74.0
6.0
23.0
68.0
38.0
-1000.0
-1000.0
-1000.0
-1000.0
-1000.0
-736.0
-20.0
74.0
12.0
36.0
-136.0
-186.0
54.0
75.0
74.0
22.0
43.0
78.0
76.0
78.0
78.0
78.0
78.0
76.0
78.0
78.0
78.0
-49.0
76.0
66.0
78.0
74.0
76.0
-41.0
-88.0
0.0
4.0
78.0
-42.0
28.0
72.0
23.0
78.0
78.0
78.0
78.0
78.0
76.0
76.0
-16.0
53.0
69.0
49.0
22.0
28.0
62.0
-133.0
-1000.0
-1000.0
-771.0
78.0
78.0
36.0
68.0
68.0
76.0
54.0
76.0
-177.0
-141.0
31.0
78.0
76.0
46.0
74.0
76.0
76.0
76.0
76.0
74.0
76.0
78.0
78.0
74.0
65.0
76.0
78.0
78.0
76.0
78.0
76.0
76.0
66.0
76.0
72.0
62.0
76.0
70.0
75.0
75.0
-62.0
76.0
-1.0
64.0
-421.0
-137.0
-828.0
76.0
76.0
72.0
76.0
78.0
78.0
78.0
76.0
76.0
78.0
78.0
78.0
74.0
78.0
74.0
78.0
76.0
-48.0
11.0
76.0
-91.0
68.0
78.0
78.0
26.0
-1000.0
-1000.0
77.0
76.0
27.0
6.0
-1000.0
-1000.0
-1000.0
-1000.0
-628.0
-262.0
76.0
8.0
76.0
-86.0
-24.0
74.0
-32.0
64.0
66.0
78.0
78.0
78.0
78.0
78.0
78.0
74.0
76.0
78.0
78.0
77.0
78.0
78.0
68.0
-5.0
-21.0
74.0
76.0
72.0
78.0
78.0
78.0
78.0
78.0
78.0
78.0
78.0
43.0
78.0
78.0
78.0
78.0
76.0
-132.0
67.0
76.0
-33.0
78.0
76.0
75.0
78.0
-595.0
78.0
34.0
78.0
29.0
-1.0
78.0
58.0
-1000.0
-1000.0
-110.0
74.0
48.0
76.0
-101.0
58.0
78.0
78.0
72.0
78.0
78.0
78.0
78.0
78.0
77.0
76.0
32.0
78.0
62.0
76.0
78.0
78.0
77.0
78.0
78.0
74.0
78.0
78.0
78.0
78.0
66.0
78.0
76.0
74.0
-365.0
30.0
-122.0
72.0
78.0
66.0
78.0
72.0
76.0
76.0
76.0
8.0
76.0
76.0
76.0
76.0
73.0
74.0
70.0
76.0
76.0
76.0
76.0
76.0
68.0
76.0
-22.0
76.0
76.0
73.0
72.0
-36.0
74.0
62.0
76.0
76.0
76.0
75.0
76.0
17.0
78.0
77.0
78.0
78.0
77.0
78.0
78.0
74.0
77.0
78.0
77.0
72.0
15.0
74.0
74.0
74.0
-20.0
14.0
6.0
62.0
76.0
15.0
74.0
76.0
68.0
70.0
-139.0
78.0
78.0
31.0
76.0
-127.0
72.0
5.0
-226.0
-124.0
-1000.0
-391.0
-163.0
-141.0
68.0
37.0
74.0
-81.0
78.0
39.0
78.0
78.0
78.0
78.0
77.0
76.0
76.0
76.0
78.0
78.0
52.0
78.0
78.0
78.0
78.0
77.0
78.0
76.0
76.0
78.0
78.0
74.0
-2.0
76.0
-61.0
60.0
74.0
-121.0
76.0
74.0
66.0
76.0
76.0
76.0
26.0
70.0
76.0
-24.0
76.0
76.0
76.0
74.0
31.0
76.0
76.0
76.0
74.0
76.0
75.0
76.0
76.0
74.0
76.0
75.0
74.0
76.0
76.0
74.0
78.0
76.0
64.0
74.0
20.0
62.0
-456.0
-124.0
-48.0
76.0
-435.0
-19.0
74.0
70.0
76.0
74.0
-5.0
74.0
8.0
74.0
76.0
76.0
76.0
76.0
76.0
75.0
8.0
64.0
75.0
50.0
78.0
78.0
78.0
46.0
-242.0
78.0
78.0
78.0
76.0
78.0
78.0
78.0
80.0
80.0
80.0
80.0
80.0
78.0
78.0
79.0
80.0
80.0
80.0
76.0
80.0
80.0
80.0
80.0
80.0
80.0
80.0
80.0
80.0
78.0
-158.0
78.0
78.0
78.0
10.0
18.0
76.0
78.0
78.0
78.0
78.0
78.0
78.0
78.0
-485.0
74.0
76.0
-525.0
78.0
74.0
-37.0
78.0
78.0
78.0
78.0
78.0
78.0
78.0
-30.0
78.0
78.0
8.0
78.0
72.0
76.0
78.0
78.0
78.0
78.0
78.0
78.0
78.0
77.0
78.0
78.0
78.0
77.0
78.0
78.0
78.0
-138.0
78.0
78.0
78.0
78.0
78.0
78.0
78.0
78.0
78.0
78.0
78.0
78.0
78.0
78.0
78.0
78.0
78.0
76.0
78.0
78.0
76.0
66.0
71.0
76.0
-371.0
40.0
76.0
76.0
-67.0
74.0
-48.0
-46.0
-145.0
74.0
68.0
76.0
44.0
76.0
-129.0
74.0
65.0
64.0
53.0
76.0
76.0
74.0
74.0
76.0
76.0
76.0
76.0
67.0
76.0
76.0
76.0
74.0
76.0
38.0
76.0
76.0
34.0
78.0
78.0
78.0
78.0
78.0
78.0
78.0
78.0
78.0
78.0
78.0
78.0
78.0
78.0
76.0
78.0
78.0
78.0
78.0
78.0
78.0
78.0
78.0
78.0
78.0
78.0
78.0
78.0
76.0
-76.0
78.0
78.0
-86.0
6.0
80.0
78.0
-64.0
72.0
78.0
18.0
78.0
78.0
77.0
-202.0
-246.0
-24.0
36.0
89.0
78.0
-168.0
78.0
78.0
78.0
78.0
78.0
78.0
78.0
77.0
78.0
78.0
78.0
77.0
78.0
-1000.0
78.0
78.0
77.0
78.0
78.0
61.0
78.0
-8.0
78.0
78.0
78.0
78.0
76.0
78.0
78.0
78.0
78.0
77.0
78.0
78.0
78.0
77.0
76.0
78.0
78.0
76.0
77.0
76.0
70.0
78.0
-10.0
77.0
78.0
78.0
78.0
78.0
-422.0
45.0
78.0
78.0
-458.0
78.0
34.0
78.0
72.0
26.0
78.0
78.0
78.0
-330.0
78.0
78.0
78.0
78.0
78.0
78.0
78.0
78.0
78.0
77.0
78.0
78.0
78.0
78.0
78.0
78.0
78.0
78.0
78.0
78.0
78.0
78.0
77.0
78.0
-55.0
78.0
78.0
-9.0
78.0
76.0
78.0
78.0
78.0
42.0
78.0
78.0
78.0
-203.0
76.0
78.0
78.0
78.0
74.0
78.0
78.0
78.0
78.0
78.0
78.0
78.0
78.0
78.0
78.0
78.0
78.0
78.0
78.0
78.0
78.0
78.0
78.0
78.0
78.0
78.0
78.0
78.0
78.0
78.0
78.0
78.0
78.0
78.0
78.0
78.0
78.0
78.0
78.0
78.0
78.0
78.0
78.0
78.0
78.0
78.0
78.0
78.0
78.0
78.0
78.0
78.0
78.0
78.0
78.0
78.0
78.0
78.0
78.0
78.0
78.0
78.0
78.0
78.0
78.0
78.0
78.0
78.0
78.0
78.0
78.0
78.0
78.0
78.0
78.0
78.0
78.0
78.0
78.0
78.0
78.0
78.0
78.0
78.0
78.0
78.0
78.0
78.0
78.0
78.0
78.0
78.0
78.0
78.0
78.0
78.0
78.0
78.0
78.0
78.0
78.0
78.0
78.0
78.0
78.0
78.0
78.0
78.0
78.0
78.0
78.0
78.0
78.0
78.0
78.0
78.0
78.0
78.0
78.0
78.0
78.0
78.0
78.0
78.0
78.0
78.0
78.0
78.0
78.0
78.0
78.0
78.0
78.0
78.0
78.0
78.0
78.0
78.0
78.0
78.0
78.0
78.0
78.0
78.0
78.0
78.0
78.0
78.0
78.0
78.0
78.0
78.0
78.0
78.0
78.0
78.0
78.0
78.0
78.0
78.0
78.0
78.0
78.0
78.0
78.0
78.0
78.0
78.0
78.0
78.0
78.0
78.0
78.0
78.0
78.0
78.0
78.0
78.0
78.0
78.0
78.0
78.0
78.0
78.0
78.0
78.0
78.0
78.0
78.0
78.0
78.0
78.0
78.0
78.0
78.0
78.0
78.0
78.0
78.0
78.0
78.0
78.0
78.0
78.0
78.0
78.0
78.0
78.0
78.0
78.0
78.0
78.0
78.0
78.0
78.0
78.0
78.0
78.0
78.0
78.0
78.0
78.0
78.0
78.0
78.0
78.0
78.0
78.0
78.0
78.0
78.0
78.0
78.0
78.0
78.0
78.0
78.0
78.0
78.0
78.0
78.0
78.0
78.0
78.0
78.0
78.0
78.0
78.0
78.0
78.0
78.0
78.0
78.0
78.0
78.0
78.0
78.0
78.0
78.0
78.0
78.0
78.0
78.0
78.0
78.0
78.0
78.0
78.0
78.0
78.0
78.0
78.0
78.0
78.0
78.0
78.0
78.0
78.0
78.0
78.0
78.0
78.0
78.0
78.0
78.0
78.0
78.0
78.0
78.0
78.0
78.0
78.0
78.0
78.0
78.0
78.0
78.0
78.0
78.0
78.0
78.0
78.0
78.0
78.0
78.0
78.0
78.0
78.0
78.0
78.0
78.0
78.0
78.0
78.0
78.0
78.0
78.0
78.0
78.0
78.0
78.0
78.0
78.0
78.0
78.0
78.0
78.0
78.0
78.0
78.0
78.0
78.0
78.0
78.0
78.0
78.0
78.0
78.0
78.0
78.0
78.0
78.0
78.0
78.0
78.0
78.0
78.0
78.0
78.0
78.0
78.0
78.0
78.0
78.0
78.0
78.0
78.0
78.0
78.0
78.0
78.0
78.0
78.0
78.0
78.0
78.0
78.0
78.0
78.0
78.0
78.0
78.0
78.0
78.0
78.0
78.0
78.0
78.0
78.0
78.0
78.0
78.0
78.0
78.0
78.0
78.0
78.0
78.0
78.0
78.0
78.0
78.0
78.0
78.0
78.0
78.0
78.0
78.0
78.0
78.0
78.0
78.0
78.0
78.0
78.0
78.0
78.0
78.0
78.0
78.0
78.0
78.0
78.0
78.0
78.0
78.0
78.0
78.0
78.0
78.0
78.0
78.0
78.0
78.0
78.0
78.0
78.0
78.0
78.0
78.0
78.0
78.0
78.0
78.0
78.0
78.0
78.0
78.0
78.0
78.0
78.0
78.0
78.0
78.0
78.0
78.0
78.0
78.0
78.0
78.0
78.0
78.0
78.0
78.0
78.0
78.0
78.0
78.0
78.0
78.0
78.0
78.0
78.0
78.0
78.0
78.0
78.0
78.0
78.0
78.0
78.0
78.0
78.0
78.0
78.0
78.0
78.0
78.0
78.0
78.0
78.0
78.0
78.0
78.0
78.0
78.0
78.0
78.0
78.0
78.0
78.0
78.0
78.0
78.0
78.0
78.0
78.0
78.0
78.0
78.0
78.0
78.0
78.0
78.0
78.0
78.0
78.0
78.0
78.0
78.0
78.0
78.0
78.0
78.0
78.0
78.0
78.0
78.0
78.0
78.0
78.0
78.0
78.0
78.0
78.0
78.0
78.0
78.0
78.0
78.0
78.0
78.0
78.0
78.0
78.0
78.0
78.0
78.0
78.0
78.0
78.0
78.0
78.0
78.0
78.0
78.0
78.0
78.0
78.0
78.0
78.0
78.0
78.0
78.0
78.0
78.0
78.0
78.0
78.0
78.0
78.0
78.0
78.0
78.0
78.0
78.0
78.0
78.0
78.0
78.0
78.0
78.0
78.0
78.0
78.0
78.0
78.0
78.0
78.0
78.0
78.0
78.0
78.0
78.0
78.0
78.0
78.0
78.0
78.0
78.0
78.0
78.0
78.0
78.0
78.0
78.0
78.0
78.0
78.0
78.0
78.0
78.0
78.0
78.0
78.0
78.0
78.0
78.0
78.0
78.0
78.0
78.0
78.0
78.0
78.0
78.0
78.0
78.0
78.0
78.0
78.0
78.0
78.0
78.0
78.0
78.0
78.0
78.0
78.0
78.0
78.0
78.0
78.0
78.0
78.0
78.0
78.0
78.0
78.0
78.0
78.0
78.0
78.0
78.0
78.0
78.0
78.0
78.0
78.0
78.0
78.0
78.0
78.0
78.0
78.0
78.0
78.0
78.0
78.0
78.0
78.0
78.0
78.0
78.0
78.0
78.0
78.0
78.0
78.0
78.0
78.0
78.0
78.0
78.0
78.0
78.0
78.0
78.0
78.0
78.0
78.0
78.0
78.0
78.0
78.0
78.0
78.0
78.0
78.0
78.0
78.0
78.0
78.0
78.0
78.0
78.0
78.0
78.0
78.0
78.0
78.0
78.0
78.0
78.0
78.0
78.0
78.0
78.0
78.0
78.0
78.0
78.0
78.0
78.0
78.0
78.0
78.0
78.0
78.0
78.0
78.0
78.0
78.0
78.0
78.0
78.0
78.0
78.0
78.0
78.0
78.0
78.0
78.0
78.0
78.0
78.0
78.0
78.0
78.0
78.0
78.0
78.0
78.0
78.0
78.0
78.0
78.0
78.0
78.0
78.0
78.0
78.0
78.0
78.0
78.0
78.0
78.0
78.0
78.0
78.0
78.0
78.0
78.0
78.0
78.0
78.0
78.0
78.0
78.0
78.0
78.0
78.0
78.0
78.0
78.0
78.0
78.0
78.0
78.0
78.0
78.0
78.0
78.0
78.0
78.0
78.0
78.0
78.0
78.0
78.0
78.0
78.0
78.0
78.0
78.0
78.0
78.0
78.0
78.0
78.0
78.0
78.0
78.0
78.0
78.0
78.0
78.0
78.0
78.0
78.0
78.0
78.0
78.0
78.0
78.0
78.0
78.0
78.0
78.0
78.0
78.0
78.0
78.0
78.0
78.0
78.0
78.0
78.0
78.0
78.0
78.0
78.0
78.0
78.0
78.0
78.0
78.0
78.0
78.0
78.0
78.0
78.0
78.0
78.0
78.0
78.0
78.0
78.0
78.0
78.0
78.0
78.0
78.0
78.0
78.0
78.0
78.0
78.0
78.0
78.0
78.0
78.0
78.0
78.0
78.0
78.0
78.0
78.0
78.0
78.0
78.0
78.0
78.0
78.0
78.0
78.0
78.0
78.0
78.0
78.0
78.0
78.0
78.0
78.0
78.0
78.0
78.0
78.0
78.0
78.0
78.0
78.0
78.0
78.0
78.0
78.0
78.0
78.0
78.0
78.0
78.0
78.0
78.0
78.0
78.0
78.0
78.0
78.0
78.0
78.0
78.0
78.0
78.0
78.0
78.0
78.0
78.0
78.0
78.0
78.0
78.0
78.0
78.0
78.0
78.0
78.0
78.0
78.0
78.0
78.0
78.0
78.0
78.0
78.0
78.0
78.0
78.0
78.0
78.0
78.0
78.0
78.0
78.0
78.0
78.0
78.0
78.0
78.0
78.0
78.0
78.0
78.0
78.0
78.0
78.0
78.0
78.0
78.0
78.0
78.0
78.0
78.0
78.0
78.0
78.0
78.0
78.0
78.0
78.0
78.0
78.0
78.0
78.0
78.0
78.0
78.0
78.0
78.0
78.0
78.0
78.0
78.0
78.0
78.0
78.0
78.0
78.0
78.0
78.0
78.0
78.0
78.0
78.0
78.0
78.0
78.0
78.0
78.0
78.0
78.0
78.0
78.0
